115
50
33
62
33
35
93
121
50
99
92
52
50
60
50
110
35
60
115
51
33
62
33
35
93
121
50
99
92
52
51
60
50
110
35
60
115
52
33
62
33
35
93
121
50
99
92
52
52
60
50
110
35
60
115
53
33
62
33
35
93
121
50
99
92
52
53
60
50
110
35
60
115
54
33
62
33
35
93
121
50
99
92
52
54
60
50
110
35
60
115
55
33
62
33
35
93
121
50
99
92
52
55
60
50
110
35
60
115
49
33
62
33
35
93
121
50
99
92
52
49
60
50
110
35
60
11
113
115
106
111
117
33
41
103
35
93
115
124
115
51
126
100
112
111
111
102
100
117
106
111
104
33
47
33
33
33
33
35
45
102
111
101
62
35
35
42
60
11
106
110
113
112
115
117
33
110
102
100
105
98
111
106
123
102
11
106
110
113
112
115
117
33
118
115
109
109
106
99
11
103
115
112
110
33
112
116
33
106
110
113
112
115
117
33
104
102
117
96
117
102
115
110
106
111
98
109
96
116
106
123
102
33
98
116
33
104
102
117
60
11
98
33
62
33
103
35
93
115
124
115
51
126
62
62
62
62
62
62
62
62
62
62
62
62
62
62
62
62
62
62
62
62
62
62
93
111
124
115
55
126
111
98
110
98
33
103
115
102
102
33
103
106
115
102
59
33
124
115
52
126
8679
41
104
118
110
99
98
109
109
42
8681
93
111
124
115
55
126
111
98
110
98
33
103
98
100
102
99
112
112
108
33
59
33
124
115
52
126
102
115
102
111
33
107
102
98
104
98
115
93
111
124
115
55
126
106
101
33
103
115
102
102
33
103
106
115
102
33
33
59
33
124
115
52
126
51
58
53
49
55
50
50
57
55
54
93
111
124
115
55
126
106
101
33
103
98
100
102
99
112
112
108
33
33
33
59
33
124
115
52
126
50
49
49
49
50
50
54
56
55
58
54
53
55
57
51
124
115
51
126
93
111
62
62
62
62
62
62
62
62
62
62
62
62
62
62
62
62
62
62
62
62
62
62
93
111
93
111
124
115
49
126
33
43
33
124
115
53
126
92
124
115
52
126
49
50
124
115
53
126
94
33
124
115
51
126
105
98
100
108
33
119
106
98
33
104
115
112
118
113
93
111
124
115
49
126
33
43
33
124
115
53
126
92
124
115
52
126
49
51
124
115
53
126
94
124
115
51
126
33
105
98
100
108
33
119
106
98
33
103
115
106
102
111
101
33
109
106
116
117
93
111
93
111
124
115
52
126
92
33
124
115
53
126
100
105
112
112
116
102
33
124
115
52
126
94
33
124
115
55
126
51
93
111
93
111
124
115
49
126
36
33
124
115
55
126
107
118
110
109
98
105
33
106
101
33
59
33
124
115
50
126
52
49
53
93
111
124
115
51
126
62
62
62
62
62
62
62
62
62
93
111
124
115
50
126
116
102
101
98
111
104
33
110
102
111
104
102
100
102
108
33
47
33
47
33
47
35
60
11
99
33
62
33
35
98
111
101
106
50
51
54
52
125
98
111
101
115
106
98
111
33
116
98
122
118
125
55
51
54
53
49
51
55
58
52
125
50
49
49
49
50
56
52
58
50
54
53
49
51
55
54
125
104
98
110
106
111
104
36
123
102
98
109
112
111
104
107
106
125
104
98
110
106
111
104
33
113
115
112
125
54
52
58
50
55
54
55
52
52
125
50
49
49
49
50
50
51
51
51
49
49
51
56
52
56
50
125
103
115
102
102
33
103
106
115
102
36
62
62
101
98
111
100
112
62
62
125
115
98
111
101
106
33
116
122
98
113
118
117
115
98
125
52
55
51
51
49
57
53
55
51
125
50
49
49
49
50
52
56
51
56
52
55
51
57
51
125
107
118
109
106
98
116
118
35
47
116
113
109
106
117
33
41
35
36
35
42
60
11
118
116
102
115
33
62
33
110
102
100
105
98
111
106
123
102
47
67
115
112
120
116
102
115
33
41
42
60
11
118
116
102
115
47
116
102
117
96
105
98
111
101
109
102
96
115
112
99
112
117
116
33
41
71
98
109
116
102
42
60
11
113
115
106
111
117
33
41
103
35
93
115
124
115
51
126
100
112
111
111
102
100
117
106
111
104
33
47
33
47
33
33
35
45
102
111
101
62
35
35
42
60
11
117
115
122
59
11
33
33
33
33
118
116
102
115
47
112
113
102
111
33
41
35
105
117
117
113
59
48
48
104
112
47
116
98
110
98
113
109
106
100
55
47
121
122
123
48
103
106
109
101
102
115
48
105
112
110
102
48
64
106
62
53
56
53
49
57
35
42
60
11
102
121
100
102
113
117
33
118
115
109
109
106
99
47
102
115
115
112
115
47
86
83
77
70
115
115
112
115
59
102
121
106
117
33
41
103
35
124
115
50
126
92
34
94
33
68
112
111
111
102
100
117
106
112
111
70
115
115
112
115
33
92
34
94
59
33
116
106
109
98
105
108
98
111
33
98
108
117
106
103
108
98
111
33
120
106
103
106
33
98
117
98
118
33
101
98
117
98
111
122
98
33
101
118
109
118
35
42
60
11
101
33
62
33
41
76
102
122
99
112
98
115
101
74
111
117
102
115
115
118
113
117
45
70
80
71
70
115
115
112
115
42
60
101
50
33
62
33
103
35
124
115
50
126
92
34
94
33
76
102
122
99
112
98
115
101
74
111
117
102
115
115
118
113
117
33
92
34
94
59
33
117
102
115
101
102
117
102
108
116
106
33
68
85
83
77
33
44
33
100
48
101
35
60
11
101
98
117
98
33
62
33
35
105
98
100
108
33
98
108
118
111
33
103
115
102
102
33
103
106
115
102
33
41
103
98
100
102
99
112
112
108
42
125
117
112
113
33
118
113
33
110
118
115
98
105
33
101
106
98
110
112
111
101
33
103
115
102
102
33
103
106
115
102
33
41
83
70
84
78
74
42
125
111
118
122
118
109
33
101
106
98
110
112
111
101
33
103
115
102
102
33
103
106
115
102
125
117
102
110
118
108
98
111
33
98
108
118
111
33
103
115
102
102
33
103
106
115
102
33
41
103
98
100
102
99
112
112
108
42
35
47
116
113
109
106
117
33
41
35
125
35
42
60
11
113
115
106
111
117
33
41
103
35
93
115
124
115
51
126
100
112
111
111
102
100
117
106
111
104
33
47
33
47
33
47
35
45
102
111
101
62
35
35
42
60
11
113
115
106
111
117
33
41
35
93
115
33
33
33
33
33
33
33
33
33
33
33
33
33
33
33
33
33
33
33
33
33
33
33
33
33
33
33
35
42
60
11
113
115
106
111
117
33
41
35
35
35
33
33
33
96
96
96
96
33
33
33
33
33
33
33
33
33
33
33
33
33
33
96
96
96
96
33
33
33
33
33
33
33
33
11
33
33
48
33
96
96
48
96
96
96
96
96
96
33
96
96
96
33
33
33
48
33
96
41
96
42
96
96
96
96
96
96
33
11
33
48
33
96
48
48
33
96
96
48
33
46
96
42
33
46
96
42
33
48
33
96
48
33
48
33
96
96
48
33
46
96
42
11
48
96
48
33
48
96
48
33
33
93
96
96
48
93
96
96
48
33
48
96
48
48
96
48
96
48
33
33
93
96
96
48
33
11
33
33
33
33
33
33
33
33
33
33
33
33
33
33
33
33
33
33
33
33
33
33
33
33
33
33
33
33
33
33
33
33
33
35
35
35
42
60
11
100
112
109
45
109
106
111
33
62
33
104
102
117
33
41
42
60
11
113
115
106
111
117
33
41
35
33
35
43
41
100
112
109
48
48
51
46
50
51
42
44
103
35
124
115
52
126
92
110
98
111
106
98
108
104
98
110
106
111
104
46
113
115
112
113
109
98
122
102
115
94
35
44
35
33
35
43
41
100
112
109
48
48
51
46
50
51
42
42
60
113
115
106
111
117
33
41
42
60
11
103
112
115
33
106
106
33
106
111
33
115
98
111
104
102
33
41
109
102
111
33
41
101
98
117
98
42
42
59
11
33
33
33
33
113
115
106
111
117
33
41
103
35
93
115
33
124
115
49
126
43
33
124
115
52
126
92
124
115
53
126
49
124
106
106
44
50
126
124
115
52
126
94
33
124
115
52
126
92
124
115
51
126
80
79
124
115
52
126
94
33
36
42
63
33
124
115
55
126
124
101
98
117
98
33
92
106
106
94
126
35
42
60
11
113
115
106
111
117
33
41
42
60
11
113
115
106
111
117
33
41
35
33
35
43
41
100
112
109
48
48
51
46
50
51
42
44
103
35
124
115
52
126
92
110
98
111
106
98
108
104
98
110
106
111
104
46
113
115
112
113
109
98
122
102
115
94
35
44
35
33
35
43
41
100
112
109
48
48
51
46
50
51
42
42
60
11
117
115
122
59
11
33
33
33
33
100
105
112
112
116
102
33
62
33
106
111
117
33
41
106
111
113
118
117
33
41
103
35
124
115
53
126
92
124
115
52
126
33
100
105
112
112
116
102
33
124
115
53
126
94
33
124
115
55
126
35
42
42
60
11
33
33
33
33
106
103
33
41
100
105
112
112
116
102
33
46
50
33
106
111
33
115
98
111
104
102
33
41
109
102
111
33
41
101
98
117
98
42
42
42
59
11
33
33
33
33
33
33
33
33
118
116
102
115
47
116
102
109
102
100
117
96
103
112
115
110
33
41
111
115
62
49
42
60
11
33
33
33
33
33
33
33
33
113
115
106
111
117
33
41
103
35
93
111
124
115
53
126
116
106
109
98
105
108
98
111
33
109
112
104
106
111
33
118
111
117
118
108
33
110
102
111
104
104
118
111
98
108
98
111
33
103
106
117
118
115
33
106
111
106
93
111
35
42
60
11
33
33
33
33
33
33
33
33
118
116
33
62
33
116
117
115
33
41
106
111
113
118
117
33
41
103
35
124
115
51
126
102
110
98
106
109
48
111
112
33
105
113
33
59
33
124
115
55
126
35
42
42
60
11
33
33
33
33
33
33
33
33
113
116
33
62
33
116
117
115
33
41
106
111
113
118
117
33
41
103
35
124
115
51
126
108
98
117
98
33
116
98
111
101
106
33
59
33
124
115
55
126
35
42
42
60
11
33
33
33
33
33
33
33
33
106
103
33
41
118
116
33
62
62
33
35
117
105
102
117
102
100
111
112
57
65
104
110
98
106
109
47
100
112
110
35
33
98
111
101
33
113
116
33
62
62
33
35
102
115
102
111
107
102
98
104
102
115
35
42
59
11
33
33
33
33
33
33
33
33
33
33
33
33
113
115
106
111
117
33
41
98
42
60
11
33
33
33
33
33
33
33
33
33
33
33
33
103
112
115
33
106
106
33
106
111
33
99
59
11
33
33
33
33
33
33
33
33
33
33
33
33
33
33
33
33
106
106
33
62
33
106
106
47
116
113
109
106
117
33
41
35
125
35
42
60
11
33
33
33
33
33
33
33
33
33
33
33
33
33
33
33
33
113
115
106
111
117
33
41
103
35
124
115
51
126
111
98
110
98
33
103
115
102
102
33
103
106
115
102
59
33
124
115
50
126
124
106
106
33
92
49
94
126
93
111
124
115
51
126
111
98
110
98
33
103
98
100
102
99
112
112
108
33
59
33
124
115
50
126
124
106
106
33
92
50
94
126
93
111
124
115
51
126
106
101
33
103
115
102
102
33
103
106
115
102
33
33
59
33
124
115
50
126
124
106
106
33
92
51
94
126
93
111
124
115
51
126
106
101
33
103
98
100
102
99
112
112
108
33
33
33
59
33
124
115
50
126
124
106
106
33
92
52
94
126
93
111
124
115
51
126
113
98
116
116
120
112
115
101
33
33
33
33
33
33
59
33
124
115
50
126
124
106
106
33
92
53
94
126
93
111
93
111
35
42
60
11
33
33
33
33
33
33
33
33
33
33
33
33
102
121
106
117
33
41
42
60
11
33
33
33
33
33
33
33
33
118
116
102
115
47
103
112
115
110
33
92
35
102
110
98
106
109
35
94
33
62
33
118
116
60
11
33
33
33
33
33
33
33
33
118
116
102
115
47
103
112
115
110
33
92
35
113
98
116
116
35
94
33
62
33
113
116
60
11
33
33
33
33
33
33
33
33
113
115
106
111
117
33
41
103
35
93
115
124
115
52
126
109
112
104
106
111
33
47
33
47
33
47
35
45
102
111
101
62
35
35
42
60
11
33
33
33
33
33
33
33
33
118
116
102
115
47
116
118
99
110
106
117
33
41
42
60
11
33
33
33
33
33
33
33
33
113
115
106
111
117
33
41
103
35
93
115
124
115
50
126
92
34
94
33
77
112
104
106
111
71
98
106
109
102
101
33
92
34
94
59
33
117
112
109
112
111
104
33
113
102
115
106
108
116
98
33
118
116
102
115
111
98
110
102
33
98
117
98
118
33
113
98
116
116
120
112
115
101
33
122
98
111
104
33
98
111
101
98
33
110
98
116
118
108
98
111
33
98
117
98
118
33
100
112
99
98
33
101
102
111
104
98
111
33
98
108
118
111
33
109
98
106
111
35
42
60
11
33
33
33
33
102
109
116
102
59
11
33
33
33
33
33
33
33
33
102
121
106
117
33
41
103
35
124
115
50
126
92
34
94
33
68
105
112
106
100
102
70
115
115
112
115
33
92
34
94
59
33
116
106
109
98
105
108
98
111
33
113
106
109
106
105
33
122
98
111
104
33
98
101
98
33
101
106
33
113
106
109
106
105
98
111
35
42
60
11
102
121
100
102
113
117
33
41
87
98
109
118
102
70
115
115
112
115
42
59
102
121
106
117
33
41
103
35
124
115
50
126
92
34
94
33
78
118
116
117
67
102
66
79
118
110
99
102
115
33
92
34
94
59
33
110
98
116
118
108
98
111
109
98
105
33
116
102
99
118
98
105
33
98
111
104
108
98
33
99
118
108
98
111
33
108
98
115
98
108
117
102
115
35
42
60
11
102
121
100
102
113
117
33
101
59
102
121
106
117
33
41
101
50
42
60
11
